#Kinovea Trajectory data export
#T X Y
# Trajectory 1
0.03 0.00 0.03 
0.07 -0.01 0.03 
0.10 -0.04 0.03 
0.13 -0.05 0.03 
0.17 -0.04 0.04 
0.20 0.01 0.04 
0.23 0.04 0.03 
0.27 0.04 0.03 
0.30 0.03 0.04 
0.33 0.01 0.04 
0.37 -0.01 0.03 
0.40 -0.03 0.03 
0.43 -0.03 0.03 
0.47 -0.01 0.03 
0.50 0.01 0.03 
0.53 0.04 0.04 
0.57 0.04 0.05 
0.60 0.04 0.05 
0.63 0.01 0.04 
0.67 0.00 0.04 
0.70 -0.01 0.04 
0.73 -0.01 0.03 
0.77 0.00 0.02 
0.80 0.03 0.03 
0.83 0.05 0.07 
0.87 0.05 0.12 
0.90 -0.01 0.13 
0.93 -0.12 0.15 
0.97 -0.20 0.15 
1.00 -0.22 0.12 
1.03 -0.20 0.11 
1.07 -0.12 0.11 
1.10 -0.03 0.11 
1.13 0.04 0.12 
1.17 0.05 0.15 
1.20 0.00 0.15 
1.23 -0.08 0.15 
1.27 -0.16 0.13 
1.30 -0.20 0.09 
1.33 -0.17 0.07 
1.37 -0.10 0.04 
1.40 0.00 0.04 
1.43 0.08 0.04 
1.47 0.12 0.05 
1.50 0.08 0.04 
1.53 0.00 0.00 
1.57 -0.08 -0.02 
1.60 -0.12 -0.04 
1.63 -0.10 -0.02 
1.67 -0.04 -0.02 
1.70 0.03 -0.04 
1.73 0.09 -0.05 
1.77 0.12 -0.06 
1.80 0.09 -0.09 
1.83 0.03 -0.13 
1.87 -0.04 -0.14 
1.90 -0.09 -0.14 
1.93 -0.09 -0.13 
1.97 -0.07 -0.10 
2.00 -0.01 -0.08 
2.03 0.00 -0.06 
2.07 -0.01 -0.06 
2.10 -0.04 -0.08 
2.13 -0.08 -0.08 
2.17 -0.12 -0.06 
2.20 -0.13 -0.05 
2.23 -0.13 -0.05 
2.27 -0.11 -0.04 
2.30 -0.09 -0.04 
2.33 -0.07 -0.05 
2.37 -0.05 -0.05 
2.40 -0.07 -0.06 
2.43 -0.08 -0.08 
2.47 -0.09 -0.08 
2.50 -0.11 -0.06 
2.53 -0.14 -0.06 
2.57 -0.25 -0.05 
2.60 -0.30 -0.05 
2.63 -0.31 -0.05 
2.67 -0.33 -0.05 
2.70 -0.30 -0.05 
2.73 -0.27 -0.06 
2.77 -0.25 -0.06 
2.80 -0.34 -0.02 
2.83 -0.34 -0.05 
2.87 -0.42 -0.02 
2.90 -0.46 -0.02 
2.93 -0.47 -0.01 
2.97 -0.46 0.00 
3.00 -0.43 -0.01 
3.03 -0.41 0.00 
3.07 -0.39 0.00 
3.10 -0.42 0.01 
3.13 -0.44 0.03 
3.17 -0.48 0.04 
3.20 -0.52 0.05 
3.23 -0.54 0.07 
3.27 -0.54 0.08 
3.30 -0.54 0.09 
3.33 -0.55 0.10 
3.37 -0.55 0.12 
3.40 -0.58 0.12 
3.43 -0.59 0.12 
3.47 -0.61 0.13 
3.50 -0.63 0.14 
3.53 -0.64 0.16 
3.57 -0.65 0.16 
3.60 -0.67 0.18 
3.63 -0.68 0.20 
3.67 -0.71 0.21 
3.70 -0.73 0.24 
3.73 -0.78 0.28 
3.77 -0.78 0.28 
3.80 -0.78 0.30 
3.83 -0.78 0.31 
3.87 -0.78 0.33 
3.90 -0.84 0.39 
3.93 -0.93 0.43 
3.97 -1.01 0.50 
4.00 -1.05 0.55 
4.03 -1.06 0.58 
4.07 -1.05 0.61 
4.10 -1.05 0.63 
4.13 -1.06 0.67 
4.17 -1.15 0.78 
4.20 -1.27 0.88 
4.23 -1.31 0.91 
4.27 -1.27 0.99 
4.30 -1.29 1.06 
4.33 -1.29 1.07 
4.37 -1.32 1.16 
4.40 -1.44 1.31 
4.43 -1.57 1.46 
4.47 -1.66 1.61 
4.50 -1.70 1.71 
4.53 -1.69 1.78 
4.57 -1.66 1.80 
4.60 -1.63 1.84 
4.63 -1.63 1.91 
4.67 -1.67 2.01 
4.70 -1.72 2.13 
4.73 -1.75 2.25 
4.77 -1.75 2.34 
4.80 -1.72 2.42 
4.83 -1.70 2.48 
4.87 -1.69 2.55 
4.90 -1.69 2.64 
4.93 -1.69 2.73 
4.97 -1.69 2.83 
5.00 -1.62 3.06 
5.03 -1.56 3.19 
5.07 -1.55 3.27 
5.10 -1.54 3.26 
5.13 -1.50 3.39 
5.17 -1.46 3.44 
5.20 -1.44 3.50 
5.23 -1.39 3.60 
5.27 -1.42 3.60 
5.30 -1.34 3.67 
5.33 -1.28 3.73 
5.37 -1.25 3.74 
5.40 -1.21 3.79 
5.43 -1.18 3.81 
5.47 -1.12 3.83 
5.50 -1.09 3.86 
5.53 -1.03 3.90 
5.57 -1.02 3.91 
5.60 -0.92 3.93 
5.63 -0.90 3.97 
5.67 -0.88 3.99 
5.70 -0.80 4.02 
5.73 -0.75 4.00 
5.77 -0.77 4.00 
5.80 -0.66 3.97 
5.83 -0.67 4.00 
5.87 -0.61 4.00 
5.90 -0.63 4.01 
5.93 -0.55 4.00 
5.97 -0.57 4.00 
6.00 -0.47 4.06 
6.03 -0.46 4.07 
6.07 -0.45 4.09 
6.10 -0.40 4.12 
6.13 -0.38 4.10 
6.17 -0.33 4.10 
6.20 -0.35 4.09 
6.23 -0.24 4.12 
6.27 -0.21 4.10 
6.30 -0.27 4.09 
6.33 -0.22 4.09 
6.37 -0.22 4.07 
6.40 -0.22 4.07 
6.43 -0.19 4.04 
6.47 -0.14 4.08 
6.50 -0.08 4.08 
6.53 -0.11 4.01 
6.57 -0.04 4.08 
6.60 0.01 4.03 
6.63 0.01 4.06 
6.67 -0.05 4.01 
6.70 0.02 4.04 
6.73 0.07 4.00 
6.77 0.09 4.04 
6.80 -0.02 4.06 
6.83 0.08 4.01 
6.87 0.10 4.05 
6.90 0.09 4.04 
6.93 -0.04 3.98 
6.97 0.07 4.08 
7.00 0.00 3.98 
7.03 0.11 3.98 
7.07 -0.01 4.05 
7.10 0.02 4.03 
7.13 0.04 4.00 
7.17 0.01 4.00 
7.20 0.07 4.07 
7.23 0.06 4.04 
7.27 0.01 4.02 
7.30 0.04 4.03 
7.33 0.04 3.98 
7.37 -0.04 3.97 
7.40 0.00 4.02 
7.43 -0.01 4.00 
7.47 0.01 4.01 
