#Kinovea Trajectory data export
#T X Y

# pos_red
58433 0.00 0.00 
58467 0.00 0.00 
58500 0.00 0.00 
58533 0.00 0.00 
58567 0.00 0.00 
58600 0.00 0.00 
58633 0.00 0.00 
58667 0.00 0.00 
58700 0.00 0.00 
58733 0.00 0.00 
58767 0.00 0.00 
58800 0.00 0.00 
58833 0.00 0.00 
58867 0.00 0.00 
58900 0.00 0.00 
58933 0.00 0.00 
58967 0.00 0.00 
59000 0.00 0.00 
59033 0.00 0.00 
59067 0.00 0.00 
59100 0.00 0.00 
59133 0.00 0.00 
59167 0.00 0.00 
59200 0.00 0.00 
59233 0.00 0.00 
59267 0.00 0.00 
59300 0.00 0.00 
59333 0.00 0.00 
59367 0.00 0.00 
59400 0.00 0.00 
59433 0.01 0.00 
59467 0.01 0.00 
59500 0.01 0.00 
59533 0.01 0.00 
59567 0.01 0.00 
59600 0.01 0.00 
59633 0.01 0.00 
59667 0.01 0.00 
59700 0.01 0.00 
59733 0.01 0.00 
59767 0.01 0.00 
59800 0.01 0.00 
59833 -0.01 0.00 
59867 -0.01 0.00 
59900 -0.01 0.00 
59933 -0.01 0.00 
59967 -0.01 0.00 
60000 -0.01 0.00 
60033 0.01 0.00 
60067 0.01 0.00 
60100 0.01 0.00 
60133 0.01 0.00 
60167 0.01 0.00 
60200 0.01 0.00 
60233 0.01 0.00 
60267 0.01 0.00 
60300 0.01 0.00 
60333 0.01 0.00 
60367 0.01 0.00 
60400 0.02 0.00 
60433 0.02 0.00 
60467 0.02 0.00 
60500 0.02 0.00 
60533 0.02 0.00 
60567 0.02 0.00 
60600 0.02 0.00 
60633 0.02 0.00 
60667 0.02 0.01 
60700 0.02 0.01 
60733 0.02 0.01 
60767 0.02 0.01 
60800 0.02 0.01 
60833 0.02 0.01 
60867 0.02 0.01 
60900 0.02 0.01 
60933 0.02 0.01 
60967 0.02 0.01 
61000 0.02 0.01 
61033 0.02 0.01 
61067 0.02 0.01 
61100 0.01 0.01 
61133 0.01 0.01 
61167 0.01 0.01 
61200 0.01 0.01 
61233 0.01 0.01 
61267 0.01 0.01 
61300 0.01 0.01 
61333 0.01 0.01 
61367 0.01 0.01 
61400 0.02 0.01 
61433 0.01 0.01 
61467 0.01 0.01 
61500 0.01 0.01 
61533 0.02 0.01 
61567 0.02 0.01 
61600 0.02 0.01 
61633 0.02 0.01 
61667 0.02 0.01 
61700 0.02 0.01 
61733 0.02 0.01 
61767 0.02 0.01 
61800 0.02 0.01 
61833 0.02 0.01 
61867 0.02 0.01 
61900 0.02 0.01 
61933 0.03 0.01 
61967 0.03 0.01 
62000 0.03 0.01 
62033 0.03 0.01 
62067 0.03 0.01 
62100 0.03 0.01 
62133 0.03 0.01 
62167 0.03 0.01 
62200 0.03 0.01 
62233 0.03 0.01 
62267 0.03 0.01 
62300 0.03 0.01 
62333 0.03 0.01 
62367 0.03 0.01 
62400 0.03 0.01 
62433 0.03 0.01 
62467 0.03 0.01 
62500 0.03 0.01 
62533 0.02 0.01 
62567 0.02 0.01 
62600 0.02 0.02 
62633 0.02 0.02 
62667 0.02 0.02 
62700 0.02 0.02 
62733 0.02 0.02 
62767 0.02 0.02 
62800 0.02 0.02 
62833 0.03 0.01 
62867 0.03 0.01 
62900 0.03 0.01 
62933 0.03 0.01 
62967 0.03 0.01 
63000 0.03 0.01 
63033 0.03 0.01 
63067 0.03 0.01 
63100 0.03 0.01 
63133 0.03 0.01 
63167 0.03 0.01 
63200 0.03 0.01 
63233 0.03 0.01 
63267 0.03 0.01 
63300 0.03 0.01 
63333 0.03 0.02 
63367 0.03 0.02 
63400 0.03 0.02 
63433 0.03 0.02 
63467 0.03 0.02 
63500 0.03 0.02 
63533 0.03 0.02 
63567 0.03 0.02 
63600 0.03 0.02 
63633 0.03 0.02 
63667 0.03 0.02 
63700 0.03 0.02 
63733 0.05 0.01 
63767 0.05 0.02 
63800 0.05 0.02 
63833 0.05 0.02 
63867 0.05 0.02 
63900 0.05 0.02 
63933 0.05 0.02 
63967 0.05 0.02 
64000 0.05 0.02 
64033 0.05 0.02 
64067 0.05 0.02 
64100 0.05 0.02 
64133 0.06 0.02 
64167 0.06 0.02 
64200 0.06 0.02 
64233 0.06 0.02 
64267 0.07 0.02 
64300 0.07 0.02 
64333 0.07 0.02 
64367 0.07 0.02 
64400 0.07 0.02 
64433 0.07 0.02 
64467 0.07 0.02 
64500 0.06 0.02 
64533 0.06 0.02 
64567 0.07 0.02 
64600 0.07 0.02 
64633 0.09 0.02 
64667 0.09 0.02 
64700 0.09 0.02 
64733 0.09 0.02 
64767 0.09 0.02 
64800 0.09 0.02 
64833 0.09 0.02 
64867 0.09 0.02 
64900 0.09 0.02 
64933 0.09 0.02 
64967 0.09 0.02 
65000 0.09 0.02 
65033 0.09 0.02 
65067 0.09 0.02 
65100 0.09 0.02 
65133 0.09 0.02 
65167 0.09 0.02 
65200 0.09 0.02 
65233 0.09 0.02 
65267 0.09 0.02 
65300 0.09 0.02 
65333 0.09 0.04 
65367 0.09 0.04 
65400 0.07 0.04 
65433 0.07 0.04 
65467 0.09 0.02 
65500 0.09 0.02 
65533 0.09 0.02 
65567 0.10 0.02 
65600 0.10 0.02 
65633 0.10 0.02 
65667 0.10 0.02 
65700 0.10 0.02 
65733 0.10 0.04 
65767 0.10 0.04 
65800 0.10 0.04 
65833 0.10 0.04 
65867 0.10 0.04 
65900 0.10 0.02 
65933 0.11 0.02 
65967 0.11 0.04 
66000 0.11 0.04 
66033 0.11 0.04 
66067 0.11 0.04 
66100 0.11 0.04 
66133 0.11 0.04 
66167 0.11 0.03 
66200 0.11 0.03 
66233 0.11 0.03 
66267 0.11 0.03 
66300 0.13 0.03 
66333 0.13 0.03 
66367 0.13 0.03 
66400 0.13 0.03 
66433 0.13 0.03 
66467 0.13 0.03 
66500 0.13 0.03 
66533 0.14 0.03 
66567 0.14 0.03 
66600 0.14 0.03 
66633 0.14 0.03 
66667 0.14 0.03 
66700 0.14 0.03 
66733 0.14 0.04 
66767 0.14 0.04 
66800 0.15 0.04 
66833 0.15 0.04 
66867 0.15 0.04 
66900 0.15 0.04 
66933 0.15 0.04 
66967 0.15 0.05 
67000 0.17 0.04 
67033 0.17 0.05 
67067 0.17 0.05 
67100 0.17 0.05 
67133 0.17 0.05 
67167 0.18 0.05 
67200 0.18 0.05 
67233 0.18 0.05 
67267 0.19 0.05 
67300 0.19 0.05 
67333 0.19 0.05 
67367 0.19 0.05 
67400 0.19 0.05 
67433 0.19 0.06 
67467 0.21 0.05 
67500 0.21 0.06 
67533 0.21 0.06 
67567 0.22 0.06 
67600 0.22 0.06 
67633 0.22 0.06 
67667 0.22 0.06 
67700 0.23 0.06 
67733 0.23 0.06 
67767 0.25 0.06 
67800 0.25 0.06 
67833 0.25 0.06 
67867 0.26 0.06 
67900 0.26 0.08 
67933 0.26 0.08 
67967 0.27 0.08 
68000 0.27 0.08 
68033 0.27 0.08 
68067 0.29 0.08 
68100 0.29 0.08 
68133 0.29 0.09 
68167 0.30 0.08 
68200 0.30 0.09 
68233 0.31 0.09 
68267 0.31 0.09 
68300 0.33 0.09 
68333 0.33 0.09 
68367 0.34 0.09 
68400 0.34 0.10 
68433 0.35 0.09 
68467 0.35 0.10 
68500 0.35 0.10 
68533 0.37 0.10 
68567 0.38 0.10 
68600 0.38 0.10 
68633 0.38 0.12 
68667 0.39 0.12 
68700 0.39 0.12 
68733 0.41 0.12 
68767 0.41 0.12 
68800 0.42 0.12 
68833 0.42 0.12 
68867 0.42 0.12 
68900 0.43 0.12 
68933 0.43 0.13 
68967 0.43 0.13 
69000 0.45 0.13 
69033 0.46 0.13 
69067 0.46 0.13 
69100 0.46 0.14 
69133 0.47 0.14 
69167 0.47 0.14 
69200 0.49 0.14 
69233 0.49 0.14 
69267 0.49 0.14 
69300 0.50 0.14 
69333 0.50 0.16 
69367 0.51 0.16 
69400 0.51 0.16 
69433 0.53 0.16 
69467 0.53 0.16 
69500 0.54 0.17 
69533 0.54 0.17 
69567 0.55 0.17 
69600 0.57 0.17 
69633 0.57 0.17 
69667 0.58 0.18 
69700 0.59 0.18 
69733 0.59 0.18 
69767 0.59 0.20 
69800 0.61 0.20 
69833 0.62 0.20 
69867 0.62 0.20 
69900 0.63 0.20 
69933 0.65 0.20 
69967 0.65 0.21 
70000 0.66 0.21 
70033 0.67 0.22 
70067 0.67 0.22 
70100 0.69 0.22 
70133 0.70 0.22 
70167 0.70 0.24 
70200 0.71 0.24 
70233 0.73 0.25 
70267 0.74 0.25 
70300 0.75 0.25 
70333 0.75 0.26 
70367 0.78 0.26 
70400 0.78 0.26 
70433 0.79 0.28 
70467 0.81 0.28 
70500 0.81 0.28 
70533 0.82 0.28 
70567 0.83 0.29 
70600 0.85 0.29 
70633 0.85 0.29 
70667 0.86 0.30 
70700 0.86 0.30 
70733 0.87 0.30 
70767 0.89 0.30 
70800 0.89 0.32 
70833 0.89 0.32 
70867 0.90 0.32 
70900 0.91 0.33 
70933 0.91 0.33 
70967 0.91 0.33 
71000 0.93 0.33 
71033 0.94 0.33 
71067 0.94 0.33 
71100 0.94 0.34 
71133 0.94 0.34 
71167 0.95 0.34 
71200 0.97 0.34 
71233 0.97 0.36 
71267 0.97 0.36 
71300 0.98 0.36 
71333 0.98 0.36 
71367 0.99 0.36 
71400 0.99 0.36 
71433 0.99 0.37 
71467 0.99 0.37 
71500 1.01 0.37 
71533 1.01 0.37 
71567 1.02 0.38 
71600 1.02 0.38 
71633 1.02 0.38 
71667 1.03 0.38 
71700 1.05 0.38 
71733 1.05 0.40 
71767 1.05 0.40 
71800 1.05 0.40 
71833 1.06 0.40 
71867 1.07 0.41 
71900 1.07 0.41 
71933 1.07 0.41 
71967 1.09 0.41 
72000 1.10 0.42 
72033 1.10 0.42 
72067 1.10 0.42 
72100 1.11 0.44 
72133 1.13 0.44 
72167 1.13 0.44 
72200 1.14 0.44 
72233 1.15 0.45 
72267 1.15 0.45 
72300 1.15 0.45 
72333 1.17 0.46 
72367 1.18 0.46 
72400 1.18 0.48 
72433 1.19 0.48 
72467 1.19 0.48 
72500 1.19 0.49 
72533 1.21 0.49 
72567 1.22 0.49 
72600 1.22 0.50 
72633 1.23 0.50 
72667 1.25 0.50 
72700 1.25 0.52 
72733 1.26 0.52 
72767 1.28 0.53 
72800 1.29 0.53 
72833 1.30 0.54 
72867 1.31 0.54 
72900 1.31 0.56 
72933 1.33 0.56 
72967 1.34 0.57 
73000 1.35 0.57 
73033 1.36 0.58 
73067 1.37 0.58 
73100 1.38 0.60 
73133 1.40 0.60 
73167 1.41 0.61 
73200 1.41 0.61 
73233 1.42 0.62 
73267 1.44 0.62 
73300 1.44 0.64 
73333 1.45 0.64 
73367 1.46 0.65 
73400 1.48 0.65 
73433 1.48 0.66 
73467 1.49 0.66 
73500 1.49 0.68 
73533 1.50 0.68 
73567 1.52 0.68 
73600 1.53 0.69 
73633 1.54 0.69 
73667 1.54 0.70 
73700 1.56 0.70 
73733 1.56 0.72 
73767 1.57 0.72 
73800 1.57 0.73 
73833 1.58 0.73 
73867 1.60 0.73 
73900 1.60 0.74 
73933 1.61 0.74 
73967 1.61 0.76 
74000 1.62 0.76 
74033 1.62 0.76 
74067 1.64 0.77 
74100 1.65 0.77 
74133 1.65 0.78 
74167 1.66 0.78 
74200 1.66 0.80 
74233 1.68 0.81 
74267 1.69 0.81 
74300 1.70 0.82 
74333 1.70 0.84 
74367 1.72 0.84 
74400 1.73 0.85 
74433 1.74 0.86 
74467 1.76 0.86 
74500 1.77 0.88 
74533 1.78 0.88 
74567 1.78 0.89 
74600 1.81 0.90 
74633 1.81 0.90 
74667 1.82 0.92 
74700 1.84 0.92 
74733 1.84 0.93 
74767 1.85 0.94 
74800 1.86 0.94 
74833 1.86 0.94 
74867 1.88 0.96 
74900 1.88 0.97 
74933 1.89 0.97 
74967 1.89 0.98 
75000 1.90 1.00 
75033 1.92 1.01 
75067 1.93 1.02 
75100 1.94 1.02 
75133 1.94 1.04 
75167 1.97 1.05 
75200 1.97 1.06 
75233 1.98 1.06 
75267 2.00 1.08 
75300 2.00 1.08 
75333 2.01 1.09 
75367 2.02 1.10 
75400 2.04 1.12 
75433 2.05 1.13 
75467 2.06 1.14 
75500 2.08 1.16 
75533 2.09 1.17 
75567 2.10 1.18 
75600 2.10 1.18 
75633 2.12 1.20 
75667 2.13 1.20 
75700 2.13 1.21 
75733 2.14 1.22 
75767 2.16 1.22 
75800 2.16 1.24 
75833 2.17 1.25 
75867 2.18 1.25 
75900 2.18 1.26 
75933 2.20 1.28 

# pos_blue
58433 -0.18 0.43 
58467 -0.18 0.43 
58500 -0.18 0.43 
58533 -0.18 0.43 
58567 -0.18 0.41 
58600 -0.18 0.41 
58633 -0.18 0.41 
58667 -0.18 0.41 
58700 -0.18 0.41 
58733 -0.18 0.41 
58767 -0.18 0.41 
58800 -0.18 0.41 
58833 -0.18 0.41 
58867 -0.18 0.41 
58900 -0.18 0.41 
58933 -0.18 0.41 
58967 -0.19 0.41 
59000 -0.19 0.41 
59033 -0.19 0.41 
59067 -0.19 0.41 
59100 -0.19 0.41 
59133 -0.19 0.41 
59167 -0.19 0.41 
59200 -0.19 0.41 
59233 -0.19 0.41 
59267 -0.19 0.42 
59300 -0.19 0.42 
59333 -0.19 0.42 
59367 -0.19 0.42 
59400 -0.19 0.42 
59433 -0.19 0.42 
59467 -0.19 0.42 
59500 -0.19 0.42 
59533 -0.19 0.42 
59567 -0.19 0.42 
59600 -0.19 0.42 
59633 -0.19 0.43 
59667 -0.19 0.43 
59700 -0.19 0.43 
59733 -0.19 0.43 
59767 -0.19 0.43 
59800 -0.19 0.43 
59833 -0.19 0.43 
59867 -0.19 0.43 
59900 -0.19 0.43 
59933 -0.19 0.43 
59967 -0.19 0.43 
60000 -0.19 0.43 
60033 -0.19 0.43 
60067 -0.19 0.43 
60100 -0.19 0.43 
60133 -0.19 0.43 
60167 -0.19 0.43 
60200 -0.17 0.42 
60233 -0.19 0.43 
60267 -0.19 0.43 
60300 -0.19 0.43 
60333 -0.17 0.42 
60367 -0.17 0.42 
60400 -0.17 0.42 
60433 -0.17 0.42 
60467 -0.17 0.42 
60500 -0.17 0.42 
60533 -0.17 0.42 
60567 -0.17 0.42 
60600 -0.17 0.42 
60633 -0.17 0.42 
60667 -0.17 0.42 
60700 -0.17 0.42 
60733 -0.17 0.42 
60767 -0.17 0.42 
60800 -0.17 0.42 
60833 -0.17 0.42 
60867 -0.17 0.42 
60900 -0.17 0.42 
60933 -0.17 0.42 
60967 -0.17 0.42 
61000 -0.17 0.42 
61033 -0.17 0.42 
61067 -0.17 0.42 
61100 -0.17 0.42 
61133 -0.17 0.42 
61167 -0.17 0.42 
61200 -0.17 0.42 
61233 -0.17 0.42 
61267 -0.17 0.42 
61300 -0.17 0.42 
61333 -0.17 0.42 
61367 -0.17 0.42 
61400 -0.17 0.43 
61433 -0.17 0.42 
61467 -0.17 0.42 
61500 -0.17 0.42 
61533 -0.17 0.43 
61567 -0.17 0.43 
61600 -0.17 0.43 
61633 -0.17 0.43 
61667 -0.17 0.43 
61700 -0.17 0.43 
61733 -0.17 0.43 
61767 -0.17 0.43 
61800 -0.17 0.43 
61833 -0.16 0.42 
61867 -0.17 0.43 
61900 -0.16 0.42 
61933 -0.16 0.42 
61967 -0.16 0.42 
62000 -0.16 0.42 
62033 -0.16 0.42 
62067 -0.16 0.42 
62100 -0.16 0.42 
62133 -0.16 0.42 
62167 -0.16 0.42 
62200 -0.16 0.42 
62233 -0.16 0.42 
62267 -0.16 0.42 
62300 -0.16 0.42 
62333 -0.16 0.42 
62367 -0.16 0.42 
62400 -0.16 0.42 
62433 -0.16 0.42 
62467 -0.16 0.42 
62500 -0.16 0.42 
62533 -0.16 0.42 
62567 -0.16 0.42 
62600 -0.16 0.42 
62633 -0.16 0.43 
62667 -0.16 0.43 
62700 -0.16 0.43 
62733 -0.16 0.43 
62767 -0.16 0.43 
62800 -0.16 0.43 
62833 -0.16 0.43 
62867 -0.16 0.43 
62900 -0.16 0.43 
62933 -0.16 0.43 
62967 -0.16 0.43 
63000 -0.16 0.43 
63033 -0.14 0.42 
63067 -0.14 0.42 
63100 -0.14 0.42 
63133 -0.14 0.42 
63167 -0.14 0.42 
63200 -0.14 0.42 
63233 -0.14 0.42 
63267 -0.14 0.42 
63300 -0.14 0.42 
63333 -0.14 0.42 
63367 -0.14 0.42 
63400 -0.14 0.42 
63433 -0.14 0.42 
63467 -0.14 0.42 
63500 -0.14 0.42 
63533 -0.14 0.42 
63567 -0.14 0.42 
63600 -0.14 0.42 
63633 -0.14 0.42 
63667 -0.14 0.43 
63700 -0.14 0.43 
63733 -0.14 0.43 
63767 -0.14 0.43 
63800 -0.14 0.43 
63833 -0.13 0.42 
63867 -0.13 0.42 
63900 -0.13 0.42 
63933 -0.13 0.42 
63967 -0.13 0.42 
64000 -0.13 0.42 
64033 -0.13 0.42 
64067 -0.13 0.43 
64100 -0.13 0.43 
64133 -0.13 0.43 
64167 -0.13 0.43 
64200 -0.13 0.43 
64233 -0.13 0.43 
64267 -0.13 0.43 
64300 -0.12 0.42 
64333 -0.12 0.42 
64367 -0.12 0.42 
64400 -0.12 0.42 
64433 -0.12 0.42 
64467 -0.12 0.42 
64500 -0.12 0.43 
64533 -0.12 0.43 
64567 -0.12 0.43 
64600 -0.12 0.43 
64633 -0.12 0.43 
64667 -0.12 0.43 
64700 -0.12 0.43 
64733 -0.12 0.43 
64767 -0.12 0.43 
64800 -0.11 0.43 
64833 -0.11 0.43 
64867 -0.11 0.43 
64900 -0.11 0.43 
64933 -0.11 0.45 
64967 -0.11 0.45 
65000 -0.11 0.45 
65033 -0.11 0.45 
65067 -0.10 0.42 
65100 -0.10 0.42 
65133 -0.10 0.42 
65167 -0.10 0.42 
65200 -0.11 0.42 
65233 -0.11 0.42 
65267 -0.11 0.43 
65300 -0.11 0.43 
65333 -0.10 0.43 
65367 -0.10 0.43 
65400 -0.10 0.43 
65433 -0.10 0.43 
65467 -0.10 0.43 
65500 -0.10 0.43 
65533 -0.10 0.43 
65567 -0.11 0.43 
65600 -0.11 0.43 
65633 -0.11 0.43 
65667 -0.11 0.45 
65700 -0.11 0.45 
65733 -0.11 0.45 
65767 -0.11 0.45 
65800 -0.11 0.45 
65833 -0.10 0.43 
65867 -0.10 0.43 
65900 -0.10 0.43 
65933 -0.10 0.43 
65967 -0.10 0.44 
66000 -0.10 0.44 
66033 -0.10 0.44 
66067 -0.10 0.45 
66100 -0.10 0.45 
66133 -0.10 0.45 
66167 -0.10 0.45 
66200 -0.09 0.44 
66233 -0.09 0.44 
66267 -0.09 0.44 
66300 -0.09 0.44 
66333 -0.09 0.45 
66367 -0.09 0.45 
66400 -0.09 0.45 
66433 -0.09 0.45 
66467 -0.09 0.45 
66500 -0.07 0.44 
66533 -0.07 0.44 
66567 -0.07 0.44 
66600 -0.07 0.45 
66633 -0.07 0.45 
66667 -0.07 0.45 
66700 -0.07 0.45 
66733 -0.06 0.44 
66767 -0.06 0.44 
66800 -0.06 0.44 
66833 -0.06 0.45 
66867 -0.06 0.45 
66900 -0.06 0.45 
66933 -0.06 0.45 
66967 -0.06 0.45 
67000 -0.06 0.46 
67033 -0.04 0.45 
67067 -0.04 0.45 
67100 -0.04 0.46 
67133 -0.04 0.46 
67167 -0.03 0.45 
67200 -0.03 0.45 
67233 -0.03 0.46 
67267 -0.03 0.46 
67300 -0.03 0.46 
67333 -0.02 0.45 
67367 -0.02 0.45 
67400 -0.02 0.46 
67433 -0.02 0.46 
67467 0.00 0.45 
67500 0.00 0.45 
67533 0.00 0.46 
67567 0.00 0.46 
67600 0.00 0.48 
67633 0.00 0.48 
67667 0.01 0.46 
67700 0.01 0.48 
67733 0.01 0.48 
67767 0.02 0.46 
67800 0.02 0.48 
67833 0.04 0.46 
67867 0.04 0.48 
67900 0.04 0.48 
67933 0.05 0.46 
67967 0.05 0.48 
68000 0.05 0.48 
68033 0.05 0.49 
68067 0.06 0.48 
68100 0.06 0.48 
68133 0.06 0.49 
68167 0.08 0.48 
68200 0.08 0.49 
68233 0.09 0.48 
68267 0.09 0.49 
68300 0.10 0.48 
68333 0.10 0.49 
68367 0.10 0.50 
68400 0.12 0.49 
68433 0.12 0.50 
68467 0.13 0.49 
68500 0.13 0.50 
68533 0.13 0.50 
68567 0.14 0.50 
68600 0.14 0.50 
68633 0.16 0.50 
68667 0.16 0.50 
68700 0.17 0.50 
68733 0.17 0.52 
68767 0.18 0.50 
68800 0.18 0.50 
68833 0.18 0.52 
68867 0.18 0.52 
68900 0.18 0.53 
68933 0.20 0.52 
68967 0.20 0.53 
69000 0.21 0.52 
69033 0.21 0.53 
69067 0.21 0.53 
69100 0.23 0.53 
69133 0.23 0.53 
69167 0.24 0.53 
69200 0.24 0.55 
69233 0.25 0.53 
69267 0.25 0.55 
69300 0.27 0.53 
69333 0.27 0.53 
69367 0.27 0.55 
69400 0.27 0.56 
69433 0.28 0.55 
69467 0.29 0.55 
69500 0.29 0.56 
69533 0.29 0.56 
69567 0.31 0.56 
69600 0.32 0.56 
69633 0.32 0.57 
69667 0.33 0.56 
69700 0.33 0.57 
69733 0.35 0.57 
69767 0.35 0.57 
69800 0.36 0.57 
69833 0.36 0.59 
69867 0.37 0.59 
69900 0.37 0.59 
69933 0.39 0.59 
69967 0.40 0.59 
70000 0.40 0.60 
70033 0.41 0.60 
70067 0.43 0.60 
70100 0.43 0.61 
70133 0.43 0.61 
70167 0.44 0.61 
70200 0.45 0.61 
70233 0.47 0.61 
70267 0.48 0.61 
70300 0.49 0.61 
70333 0.51 0.61 
70367 0.51 0.63 
70400 0.52 0.63 
70433 0.53 0.63 
70467 0.53 0.64 
70500 0.55 0.64 
70533 0.56 0.64 
70567 0.56 0.65 
70600 0.57 0.65 
70633 0.58 0.65 
70667 0.59 0.65 
70700 0.60 0.64 
70733 0.60 0.65 
70767 0.62 0.65 
70800 0.62 0.67 
70833 0.63 0.65 
70867 0.63 0.67 
70900 0.64 0.65 
70933 0.64 0.67 
70967 0.64 0.67 
71000 0.66 0.67 
71033 0.66 0.68 
71067 0.66 0.68 
71100 0.67 0.68 
71133 0.67 0.69 
71167 0.68 0.68 
71200 0.68 0.69 
71233 0.70 0.68 
71267 0.70 0.69 
71300 0.70 0.71 
71333 0.70 0.71 
71367 0.71 0.69 
71400 0.71 0.69 
71433 0.71 0.71 
71467 0.71 0.71 
71500 0.72 0.71 
71533 0.72 0.71 
71567 0.74 0.71 
71600 0.74 0.71 
71633 0.75 0.71 
71667 0.75 0.72 
71700 0.75 0.72 
71733 0.76 0.72 
71767 0.76 0.72 
71800 0.78 0.72 
71833 0.78 0.72 
71867 0.78 0.73 
71900 0.78 0.73 
71933 0.79 0.73 
71967 0.80 0.73 
72000 0.80 0.73 
72033 0.80 0.75 
72067 0.82 0.75 
72100 0.83 0.75 
72133 0.83 0.76 
72167 0.83 0.76 
72200 0.84 0.76 
72233 0.86 0.76 
72267 0.86 0.76 
72300 0.86 0.77 
72333 0.87 0.77 
72367 0.87 0.77 
72400 0.87 0.79 
72433 0.88 0.79 
72467 0.90 0.79 
72500 0.91 0.79 
72533 0.91 0.79 
72567 0.91 0.80 
72600 0.92 0.80 
72633 0.92 0.81 
72667 0.94 0.81 
72700 0.95 0.81 
72733 0.95 0.83 
72767 0.96 0.83 
72800 0.96 0.84 
72833 0.98 0.84 
72867 1.00 0.84 
72900 1.00 0.85 
72933 1.02 0.86 
72967 1.02 0.87 
73000 1.04 0.87 
73033 1.04 0.87 
73067 1.06 0.88 
73100 1.07 0.88 
73133 1.07 0.90 
73167 1.08 0.89 
73200 1.10 0.90 
73233 1.10 0.91 
73267 1.11 0.91 
73300 1.11 0.92 
73333 1.12 0.92 
73367 1.15 0.92 
73400 1.15 0.94 
73433 1.15 0.94 
73467 1.15 0.95 
73500 1.18 0.95 
73533 1.18 0.95 
73567 1.18 0.96 
73600 1.19 0.96 
73633 1.19 0.98 
73667 1.20 0.98 
73700 1.20 0.99 
73733 1.22 0.99 
73767 1.23 0.99 
73800 1.23 1.00 
73833 1.24 1.00 
73867 1.23 1.02 
73900 1.24 1.02 
73933 1.26 1.02 
73967 1.27 1.02 
74000 1.26 1.03 
74033 1.27 1.03 
74067 1.29 1.03 
74100 1.29 1.04 
74133 1.30 1.04 
74167 1.30 1.06 
74200 1.31 1.06 
74233 1.31 1.07 
74267 1.34 1.07 
74300 1.34 1.08 
74333 1.35 1.08 
74367 1.35 1.10 
74400 1.38 1.10 
74433 1.38 1.11 
74467 1.38 1.12 
74500 1.41 1.12 
74533 1.41 1.14 
74567 1.43 1.14 
74600 1.43 1.15 
74633 1.45 1.15 
74667 1.46 1.17 
74700 1.47 1.17 
74733 1.47 1.18 
74767 1.49 1.18 
74800 1.49 1.19 
74833 1.50 1.19 
74867 1.50 1.21 
74900 1.51 1.21 
74933 1.51 1.22 
74967 1.53 1.22 
75000 1.53 1.23 
75033 1.55 1.23 
75067 1.55 1.25 
75100 1.55 1.26 
75133 1.57 1.26 
75167 1.59 1.26 
75200 1.59 1.27 
75233 1.61 1.29 
75267 1.61 1.30 
75300 1.63 1.30 
75333 1.63 1.31 
75367 1.64 1.34 
75400 1.64 1.35 
75433 1.64 1.36 
75467 1.67 1.36 
75500 1.67 1.38 
75533 1.67 1.39 
75567 1.66 1.40 
75600 1.68 1.40 
75633 1.68 1.42 
75667 1.67 1.43 
75700 1.71 1.43 
75733 1.70 1.44 
75767 1.72 1.44 
75800 1.72 1.46 
75833 1.75 1.46 
75867 1.78 1.46 
75900 1.78 1.47 
75933 1.81 1.47 
