#Kinovea Trajectory data export
#T X Y

# Trajectory 1
2.30 -0.72 -2.32 
2.33 -0.64 -2.30 
2.37 -0.59 -2.30 
2.40 -0.58 -2.30 
2.43 -0.63 -2.30 
2.47 -0.70 -2.30 
2.50 -0.75 -2.29 
2.53 -0.77 -2.29 
2.57 -0.77 -2.29 
2.60 -0.73 -2.29 
2.63 -0.68 -2.29 
2.67 -0.64 -2.29 
2.70 -0.63 -2.28 
2.73 -0.64 -2.28 
2.77 -0.68 -2.28 
2.80 -0.72 -2.28 
2.83 -0.75 -2.28 
2.87 -0.75 -2.28 
2.90 -0.75 -2.26 
2.93 -0.75 -2.28 
2.97 -0.80 -2.26 
3.00 -0.79 -2.26 
3.03 -0.82 -2.26 
3.07 -0.85 -2.25 
3.10 -0.88 -2.25 
3.13 -0.89 -2.24 
3.17 -0.88 -2.25 
3.20 -0.88 -2.25 
3.23 -0.86 -2.25 
3.27 -0.86 -2.25 
3.30 -0.88 -2.25 
3.33 -0.90 -2.25 
3.37 -0.93 -2.25 
3.40 -0.95 -2.25 
3.43 -0.95 -2.24 
3.47 -0.96 -2.24 
3.50 -0.99 -2.22 
3.53 -1.07 -2.22 
3.57 -1.14 -2.22 
3.60 -1.18 -2.22 
3.63 -1.18 -2.22 
3.67 -1.12 -2.22 
3.70 -1.08 -2.22 
3.73 -1.06 -2.21 
3.77 -1.06 -2.21 
3.80 -1.10 -2.21 
3.83 -1.15 -2.20 
3.87 -1.19 -2.20 
3.90 -1.21 -2.20 
3.93 -1.21 -2.18 
3.97 -1.19 -2.18 
4.00 -1.19 -2.18 
4.03 -1.27 -2.13 
4.07 -1.32 -2.13 
4.10 -1.40 -2.11 
4.13 -1.43 -2.11 
4.17 -1.45 -2.11 
4.20 -1.41 -2.11 
4.23 -1.37 -2.11 
4.27 -1.33 -2.12 
4.30 -1.33 -2.12 
4.33 -1.38 -2.11 
4.37 -1.43 -2.11 
4.40 -1.49 -2.08 
4.43 -1.51 -2.08 
4.47 -1.51 -2.07 
4.50 -1.50 -2.06 
4.53 -1.49 -2.04 
4.57 -1.50 -2.03 
4.60 -1.51 -2.02 
4.63 -1.55 -1.99 
4.67 -1.59 -1.98 
4.70 -1.62 -1.95 
4.73 -1.63 -1.94 
4.77 -1.66 -1.91 
4.80 -1.66 -1.90 
4.83 -1.66 -1.87 
4.87 -1.67 -1.86 
4.90 -1.69 -1.83 
4.93 -1.72 -1.82 
4.97 -1.75 -1.80 
5.00 -1.76 -1.76 
5.03 -1.79 -1.73 
5.07 -1.80 -1.71 
5.10 -1.82 -1.68 
5.13 -1.84 -1.67 
5.17 -1.88 -1.63 
5.20 -1.90 -1.61 
5.23 -1.93 -1.58 
5.27 -1.95 -1.54 
5.30 -1.97 -1.51 
5.33 -1.98 -1.47 
5.37 -1.99 -1.45 
5.40 -2.02 -1.42 
5.43 -2.03 -1.39 
5.47 -2.06 -1.38 
5.50 -2.07 -1.35 
5.53 -2.07 -1.32 
5.57 -2.08 -1.29 
5.60 -2.11 -1.25 
5.63 -2.14 -1.21 
5.67 -2.16 -1.17 
5.70 -2.17 -1.15 
5.73 -2.17 -1.10 
5.77 -2.19 -1.07 
5.80 -2.20 -1.04 
5.83 -2.23 -1.02 
5.87 -2.23 -0.99 
5.90 -2.25 -0.95 
5.93 -2.27 -0.93 
5.97 -2.28 -0.89 
6.00 -2.28 -0.85 
6.03 -2.29 -0.82 
6.07 -2.29 -0.78 
6.10 -2.30 -0.76 
6.13 -2.33 -0.72 
6.17 -2.33 -0.69 
6.20 -2.33 -0.65 
6.23 -2.34 -0.62 
6.27 -2.34 -0.58 
6.30 -2.36 -0.55 
6.33 -2.37 -0.51 
6.37 -2.38 -0.49 
6.40 -2.38 -0.46 
6.43 -2.38 -0.42 
6.47 -2.38 -0.38 
6.50 -2.38 -0.34 
6.53 -2.40 -0.30 
6.57 -2.41 -0.28 
6.60 -2.41 -0.24 
6.63 -2.40 -0.21 
6.67 -2.40 -0.17 
6.70 -2.40 -0.13 
6.73 -2.40 -0.10 
6.77 -2.40 -0.04 
6.80 -2.40 0.00 
6.83 -2.40 0.02 
6.87 -2.40 0.06 
6.90 -2.38 0.10 
6.93 -2.38 0.15 
6.97 -2.40 0.20 
7.00 -2.41 0.24 
7.03 -2.41 0.28 
7.07 -2.40 0.32 
7.10 -2.27 0.53 
7.13 -2.27 0.55 
7.17 -2.27 0.60 
7.20 -2.27 0.64 
7.23 -2.27 0.68 
7.27 -2.25 0.71 
7.30 -2.24 0.75 
7.33 -2.24 0.79 
7.37 -2.23 0.82 
7.40 -2.23 0.84 
7.43 -2.20 0.88 
7.47 -2.19 0.92 
7.50 -2.19 0.96 
7.53 -2.19 0.99 
7.57 -2.17 1.01 
7.60 -2.16 1.04 
7.63 -2.15 1.08 
7.67 -2.15 1.12 
7.70 -2.14 1.14 
7.73 -2.12 1.17 
7.77 -2.11 1.18 
7.80 -2.10 1.21 
7.83 -2.08 1.23 
7.87 -2.07 1.27 
7.90 -2.06 1.30 
7.93 -2.04 1.32 
7.97 -2.03 1.35 
8.00 -2.01 1.38 
8.03 -1.99 1.40 
8.07 -1.98 1.43 
8.10 -1.97 1.45 
8.13 -1.95 1.47 
8.17 -1.93 1.51 
8.20 -1.90 1.53 
8.23 -1.89 1.56 
8.27 -1.88 1.60 
8.30 -1.85 1.62 
8.33 -1.82 1.65 
8.37 -1.81 1.69 
8.40 -1.78 1.73 
8.43 -1.77 1.75 
8.47 -1.75 1.78 
8.50 -1.73 1.80 
8.53 -1.71 1.83 
8.57 -1.69 1.86 
8.60 -1.68 1.87 
8.63 -1.67 1.88 
8.67 -1.64 1.91 
8.70 -1.63 1.93 
8.73 -1.63 1.95 
8.77 -1.60 1.96 
8.80 -1.59 1.97 
8.83 -1.58 1.99 
8.87 -1.57 2.00 
8.90 -1.55 2.01 
8.93 -1.54 2.03 
8.97 -1.53 2.04 
9.00 -1.51 2.05 
9.03 -1.50 2.06 
9.07 -1.49 2.05 
9.10 -1.46 2.06 
9.13 -1.45 2.06 
9.17 -1.45 2.06 
9.20 -1.44 2.06 
9.23 -1.41 2.08 
9.27 -1.40 2.09 
9.30 -1.40 2.10 
9.33 -1.38 2.10 
9.37 -1.36 2.10 
9.40 -1.35 2.09 
9.43 -1.33 2.10 
9.47 -1.31 2.12 
9.50 -1.31 2.12 
9.53 -1.29 2.10 
9.57 -1.27 2.12 
9.60 -1.27 2.12 
9.63 -1.25 2.12 
9.67 -1.24 2.12 
9.70 -1.23 2.13 
9.73 -1.22 2.13 
9.77 -1.22 2.14 
9.80 -1.20 2.14 
9.83 -1.20 2.14 
9.87 -1.19 2.14 
9.90 -1.18 2.14 
9.93 -1.16 2.16 
9.97 -1.16 2.16 
10.00 -1.15 2.14 
10.03 -1.14 2.14 
10.07 -1.13 2.16 
10.10 -1.13 2.16 
10.13 -1.11 2.16 
10.17 -1.10 2.16 
10.20 -1.09 2.16 
10.23 -1.09 2.16 
10.27 -1.07 2.16 
10.30 -1.06 2.16 
10.33 -1.05 2.16 
10.37 -1.05 2.14 
10.40 -1.03 2.14 
10.43 -1.02 2.16 
10.47 -1.02 2.16 
10.50 -1.01 2.16 
10.53 -1.01 2.16 
10.57 -1.00 2.16 
10.60 -0.98 2.16 
10.63 -0.98 2.14 
10.67 -0.97 2.14 
10.70 -0.97 2.16 
10.73 -0.96 2.16 
10.77 -0.96 2.14 
10.80 -0.94 2.14 
10.83 -0.93 2.14 
10.87 -0.93 2.14 
10.90 -0.92 2.14 
